679937
1146883
1497679
888833
1089544
1089545
1089546
521393
1089548
172045
1089550
1089551
1089552
1089553
196627
1161902
446468
1286170
1286171
446469
1384484
446470
270374
237609
622637
536019
46429
1056816
589873
1120947
1056820
1269813
639030
172088
180281
663610
1045855
1120949
163908
1120950
1144325
1045858
925775
1417296
1417230
1120953
393305
1280706
1515613
1123257
1515615
715451
221288
862908
311402
311403
180332
1150600
1406840
688245
401526
335992
1163385
999547
1288083
999549
999550
1216362
311424
573569
426114
1212548
426117
1138822
98439
1441930
688269
688270
1163407
1163408
1069080
1120963
561177
106648
1107311
1136417
237727
1506583
1540257
1120966
1437610
1380380
221359
221360
1120968
1458357
879305
999425
247156
999611
712898
762051
1392838
1354303
1120973
1341155
188626
1217708
634499
1190606
1336245
155864
794846
1515746
1189612
318161
1401064
1401065
1057002
1401067
1405
1163617
868595
1484158
745718
589865
1147128
284031
1343740
1048830
457429
467200
1229783
1048834
90371
1206729
680198
393480
33035
794903
1437882
1245469
1458462
983328
1196322
450851
292
696369
1081640
1122602
1122603
1081644
301
1246626
1122609
639282
319795
1122612
1122613
1122614
1123313
1168065
47839
1122621
1122622
565575
1302858
1217712
1207055
123214
1302863
340
1194526
1539298
909663
1278304
1278306
762211
1278308
1120998
359
1217713
1499498
1499502
1211112
426355
1229172
1168067
600809
393595
557436
315456
1211115
1415754
1173263
401473
1121004
394
491915
491916
262543
663952
1229203
1229204
565653
565655
860228
1499499
1188252
565664
1217715
1392502
696747
696748
278957
491952
1270193
246194
246195
246196
246197
246199
246200
246201
295358
862965
598467
655812
655813
579405
655815
1565129
1237500
862967
742818
360910
360911
1335760
470
41431
1232447
1229276
1122243
1122223
279010
862971
1286631
1121020
742823
1401328
1122605
1293054
983544
983545
983548
511
868864
888832
762376
718252
480813
1118153
555779
336407
885272
398767
1450525
557598
557599
1499680
439235
1499684
549
1499686
1205681
1265756
335541
1232683
1208321
571
573
262719
1411123
631362
262723
262724
1111121
585
1192034
1227268
1458275
459349
1040983
1040986
1040987
1040989
1122915
1278309
197221
1122918
1122919
1408428
1041504
1122927
262768
1122929
756499
1122933
1448139
909943
633
1304878
1122939
1155714
598659
1155718
574087
596324
670487
1532557
1232453
1300350
385682
1122963
887929
656024
904296
1122970
754331
1122973
631454
1122975
672
991905
1122978
1122983
1121406
1122986
344747
1122989
1122990
1122991
1122992
1122993
484018
484019
1122997
484022
1247649
1137799
90813
90814
999541
1123008
393921
1524467
688246
279238
1229512
1123020
467661
1123023
1123024
1172179
1172180
198094
1278073
1123034
1123035
426716
66269
82654
795359
1150621
62928
459495
747
1123052
1123053
1123054
1163389
1123057
1041138
1041139
1123060
1218086
758
533240
467705
1041146
1041147
1123070
533247
1123072
1123073
582402
1123075
754436
1131269
443143
443144
58123
1111069
1179778
1090318
1090319
443152
546264
1321775
377629
1173264
1348338
1387312
913848
221988
1163398
1442598
1442599
529884
1114922
754476
813
1471522
74545
74546
74547
827
1227276
1499967
1499968
66373
66377
1008459
546274
1073999
443218
1114964
926549
926551
312153
525146
926556
869213
526226
926559
926560
926561
926562
877411
926564
1232429
877414
877415
926569
877418
877420
877421
1469245
877424
1262449
882
883
1449050
443254
443255
1121087
526227
66429
1263831
1463917
713605
1319815
1151127
1114965
1278311
1221522
164757
500632
500633
1123226
500635
1123228
500637
1123230
500640
1221537
156578
1123236
1121094
574375
574376
1336233
1123242
1336235
1336237
1123247
1123248
1336241
1123250
1123251
1123252
1123253
1476876
1123255
1123256
1089547
1123258
1131451
525244
525245
525246
1123263
1304875
697281
697282
797515
697284
1123269
525254
525255
525256
525257
1123274
525260
1123277
1123278
525263
525264
1144312
525268
1229781
314278
1123288
1123290
312284
626887
991
1123296
254945
525282
320483
926692
1123301
1123302
1123303
58344
910313
910314
1123307
1123308
394221
1123311
1123312
345073
189426
494419
312309
1123318
1123319
1123320
1123321
1123322
386043
525309
1123326
115711
115713
1410665
525318
1005057
262316
1321815
1033730
795666
1044
1280674
762903
861208
1123354
1123355
1235802
1033733
1123360
1131553
1235803
1223521
1033734
1123366
1123367
1123368
1279017
1123371
1123372
1123373
1385518
1342301
1123376
1123377
683083
82995
82996
525365
525367
525368
1123386
369723
1123388
525373
1279038
1415630
1123392
1123393
525378
525379
762948
700598
1123399
558152
1123401
1085623
214092
1096546
1450694
640081
1172562
762963
762966
582744
205914
468059
574556
558173
205918
1235813
205920
1500257
205922
762982
762983
762984
33898
645991
1287276
476272
33905
1041522
107635
107636
1000565
1121129
1000569
1000570
1147
1148
1121447
345219
66692
656519
1172185
1144343
1000588
1500301
1051501
742735
1500306
590998
1423814
1223543
591001
763034
1437603
1123487
1123488
699248
279714
1238182
1238184
1238186
1123500
1123501
1123502
591023
861360
1249480
402612
1451189
1219065
1079986
479434
263358
1123519
402626
1223542
984262
1123359
746697
314231
1549858
443598
1223544
1131730
1521187
34007
353496
156889
1238237
1246
1463845
1449335
1089549
492774
1307761
1449345
1246445
1246448
287986
1165841
1437606
1274
1246459
345341
1545044
279808
1100720
394503
1288
861450
861452
861455
42256
83219
1463854
1307759
566552
1295642
1463855
1139996
107806
1449337
1172190
1140001
1314
1140003
1131812
1131813
1131814
337191
517417
517418
1245471
156978
795955
1287476
66869
591158
591159
1074488
189753
66874
66875
1095769
591167
1287488
1200352
1346
1262915
222534
91464
537972
1218103
148814
666509
66897
140626
1306174
402777
29382
935261
543632
714083
1408422
1304883
1306947
997350
386415
1537994
1396
1379903
648996
1115512
1078083
1115515
1410613
83332
1408423
435591
759362
1046714
1385510
232346
42565
484770
1408424
1197477
404380
1278307
1205680
570952
1238450
1205683
1328313
632245
1078085
714313
1385511
1141663
87626
402881
1229487
1423816
665029
838561
913325
1444770
83406
1385935
1129369
1410634
91604
1211777
1173025
1507
632292
1511
460265
755178
1385420
1245475
255470
1115632
722419
1410609
574966
1231391
1205753
1487921
1462527
314282
640510
640511
640512
640513
443906
1403819
1033732
722438
1230343
1033736
1033737
1033738
1033740
632335
1033744
411154
886293
1312954
1289135
1173020
517722
1173022
1173023
1173024
1035184
1173026
1173027
1173028
1173029
1284708
1463900
1463901
1410608
1385515
1082931
1082932
648757
1410616
1410618
525919
1353276
1410622
1035189
1177928
1410625
1410626
1410628
198214
1410631
1410632
525897
525898
468556
525903
525904
1033810
525909
1280953
1050201
1410653
1075090
1410658
1410661
1129374
886377
1410666
886379
1320556
1033837
1410670
1214065
1410674
75379
910964
689781
435830
1386089
435832
935548
435837
435838
1449076
435842
1255043
935557
1308866
1410668
1197706
293826
296591
1680
1205908
1214101
1205910
1687
1688
1690
1115803
1692
1693
911008
1496688
1449350
1200792
222891
1484460
1304876
1713
648885
1719
1349785
67257
287
1484479
1032480
247490
67267
435908
911045
632518
1121413
1074889
67275
67351
1196323
1424334
710111
1196324
1009370
1304284
1484157
1500894
1206739
1385521
501479
1214184
1122599
1042156
1218173
1432056
67315
1189620
1550073
272123
911104
1209984
362242
67332
1337093
272134
1033991
1122604
395019
909613
50960
318424
1246995
1226325
929703
67352
419610
67356
1209989
745776
1214242
771875
1828
1423754
1165094
938289
1165096
870187
321327
1247024
1094715
639283
321332
1156919
1353528
1282356
1708715
59196
1178482
938293
1353537
182082
198467
411460
411461
411462
411463
411464
411465
411466
411467
411468
1869
411470
411471
247633
247634
411476
411477
247639
1487953
411483
1094466
1282362
190304
411489
411490
1122619
861454
747365
1894
1896
1248232
1906
1907
452471
1378168
1117108
378753
100226
1299327
706437
706439
526218
754035
526222
1288079
526224
526225
68260
1042326
1944
1132441
1132442
935836
935839
935840
1051632
550540
493475
1957
935848
1961
657322
1234679
1968
362418
1280664
378806
935863
1232681
935866
927677
796606
1345695
288705
354242
1499689
1042375
1042376
182217
927691
1996
1156937
223184
1121272
2002
1487923
1395516
1116232
985054
1401078
665571
198628
1141662
1476583
713586
665577
1217652
59374
1219581
1294142
1349822
1248760
1463864
2045
329726
449447
1280001
436229
264198
2055
1370120
231434
264203
935948
1370125
469008
1154757
755731
387092
387093
190486
1414719
2074
706587
452637
452638
1296415
1296416
382640
1198114
1429851
411684
1440774
583345
1096756
452652
1501230
1041826
1198676
1112204
223283
575540
452662
1345592
1211815
1001530
883067
1224318
2110
2113
1300150
673862
1380350
575564
1108045
1120934
641107
1267211
157783
641112
481805
428125
428126
428127
575586
583355
575588
575589
575590
575593
575594
419947
1410630
1210045
1001585
1517682
371731
575605
575606
641143
575609
641146
641147
641149
575615
696281
1029824
754027
1380394
649349
644801
1449353
592010
1547445
1144307
509635
198804
1408436
1198232
592026
592027
592028
592029
627192
592031
1502850
1921421
747682
1203590
362663
1366046
272556
272558
272559
272560
272562
272563
1463825
1391646
1268240
272568
190650
714943
1009858
1410633
1075399
936136
1443122
551115
936140
1149133
1501391
714961
930169
936154
936155
1380355
1280666
395492
395493
395494
395495
663932
1408452
272621
272623
272624
272626
1304275
1235794
313589
272630
272631
272632
272633
313594
272635
313596
313598
452863
1144672
313603
1214166
313606
1410619
502025
313612
264462
387344
796945
2325
608534
313624
313625
608538
518637
313628
297246
1469557
1304865
1304866
1398491
2340
2342
908337
1304872
1304874
633131
575788
1304877
1288494
1500893
1304880
862514
862515
1434325
862517
321846
908340
1380358
633147
633149
1121333
1188235
498742
1500897
1188236
903503
1231185
76114
1325130
665942
43354
1188239
1410638
859194
665950
944479
665952
944481
371042
756067
59748
1885902
643473
883077
1423732
551275
1329516
1476973
666685
1237149
698737
1141106
1198452
2423
403833
469371
1280380
1051006
1229205
891968
469378
764291
469381
469383
698761
764298
764299
717772
1121346
240015
240016
698769
1293597
420246
690585
1460634
1460635
1321372
1410620
1460640
1242864
944546
321955
690597
649638
649639
321961
166314
1121351
1124780
166318
1403313
944562
1042163
944564
888808
936375
592316
1206720
1188256
883080
1206725
1206726
373153
1235788
477641
1206730
1169143
1206733
521098
990285
1169144
928210
641491
717231
1206741
1444310
1206743
1206744
1386969
715226
1230476
1197906
420324
330214
1231336
1054460
518635
158189
158190
1341181
1313265
1280676
1120948
641524
1452535
1452536
1206777
1157632
1169152
281090
1157635
1157637
1157638
936455
1157640
306263
1313292
1313294
59919
1427984
59921
649747
59925
59926
1449049
1313304
485913
264730
59931
264732
485917
485918
616991
1231392
649761
1229517
305700
100901
1419814
1298865
1121372
272942
756272
322098
272947
272951
1034809
1354300
537013
1235792
985665
1550091
1156935
477184
1121377
1380367
68170
502347
1157708
1449058
1313293
1337936
1111131
698964
500153
1639133
100884
1235793
904293
289376
289377
68194
469604
904294
469606
68199
742741
469609
469610
1449063
84588
518766
322159
469616
469617
469618
1215092
289397
1288826
68219
936572
936573
936574
68223
485915
936580
903814
879243
936589
199310
1449069
1001240
655811
936596
1463841
527002
1338011
1280668
1280671
690850
658086
658088
1280681
1280682
273068
904306
240302
1540221
1280688
1280689
617140
223926
1230341
1280696
395961
1280698
395963
395964
395965
1034943
748224
1333998
2754
1410650
207559
1190603
879308
879309
879310
1335757
1449080
1303692
698961
748247
558884
1247963
904314
273119
273121
1379281
1485543
1485544
1230342
562983
305900
1820025
396014
43759
1223410
363253
748280
535289
862970
215803
658172
1265503
1158601
412419
1043205
1366050
665956
1231626
658187
1170562
1235279
1207058
572547
477974
1207063
588932
1346330
1122921
502558
1120958
1207075
158500
1117318
875454
1410676
682795
1423747
1321773
1321774
1069533
1235800
1166130
1321779
1321781
420662
1157943
1321784
1321786
675806
1120959
1026882
1188240
438753
743974
1117379
494416
699218
379731
1321814
1492922
76636
767434
633697
697329
1002340
1444711
1444712
984892
504472
551789
699246
1215343
265072
314225
1395571
1177154
314230
35703
314232
1223545
1235755
945021
1182590
1002367
93057
93059
93060
1158294
1500259
314254
314256
411459
314260
314262
445335
314264
314265
314266
232348
314270
314271
748449
1158050
314275
1246955
35754
431943
314285
314287
35760
1100721
1280946
1035187
314292
412597
1158607
1035191
1280952
1035193
1280954
1035195
1035196
1035197
1443665
1270196
1121440
1379270
871585
643867
1121367
314315
411469
904144
429009
388051
928724
43989
977880
68570
1354722
1453505
411473
1174504
314345
565034
411474
543728
1121448
1280944
543734
543913
1410624
1463853
1051646
1206101
1174528
35841
1158146
584708
1158150
863239
261292
411479
1469613
338963
1158165
338966
1242969
338969
420890
44060
487316
1038859
93220
1043493
1158182
1403946
1035308
224308
666681
1355368
666684
266762
666686
220341
563040
158787
224324
76869
1260251
511051
216142
207954
55207
511062
306264
887898
265311
1211579
644966
158822
60520
306281
404589
1517416
748658
1139219
1463857
273526
1236902
347256
861299
191610
1235811
582899
1297534
748671
470145
1117314
1117315
1305732
863365
101510
1117319
1202532
1207076
1526927
1158292
322710
1174684
674977
1297570
1143323
1437609
1120971
1469607
511145
1289387
1114970
1297581
1158318
994479
1002672
642227
658612
1397278
748727
1185652
1281779
421052
1158338
765123
1027273
889378
421072
593105
1499683
650150
44251
1027292
658655
396513
658659
1297617
1114972
1267580
1305836
314607
888049
888050
1235815
888052
118005
888055
888056
1158345
888059
888060
888062
888064
1322246
706433
1122611
273677
1273103
232721
706436
1133850
1189619
257310
257313
257314
412965
883109
122355
396588
388401
396595
1002804
1535287
1002809
388413
634176
634177
1125699
1027396
1125701
1076550
1123279
1461577
1461579
1461580
1408226
1297742
1125712
1051985
257363
1404245
1125718
225849
1120977
1125725
331104
314723
314724
740709
1211814
331113
1346791
436114
159087
216432
1082933
1379698
388467
1379701
52598
1307834
1453500
568703
568706
1191299
1101188
1101189
667014
667015
1101192
864563
28042
953739
945550
118161
298386
118163
118166
118168
118173
1479237
888048
44454
28072
1215915
1396141
657309
69042
1463921
590409
1453496
1453498
642492
1453501
1150398
1150399
568768
1089455
1109445
380358
880071
880072
754252
880074
1123389
552396
511437
552398
1158608
1158609
1158610
28115
1158612
1158614
935845
1224163
1224164
1125863
380394
765420
585198
580327
568816
568817
585202
585203
585204
28152
1469948
927658
246786
1502724
1040982
1216007
445961
1150474
290315
1330700
290317
290318
216591
28176
216594
216595
216596
445973
445974
445975
323097
323098
871963
478749
1379858
871968
1411685
445987
290340
1232427
1232428
927666
1232430
945712
945713
1502770
1122244
1232437
1429046
208439
1080067
1232443
208444
1232446
1035839
1357272
1232452
28229
1280948
994573
478801
552531
634452
1125973
1220551
1279019
290397
290398
290399
290400
290402
1191523
1158756
519441
1158760
1158762
700015
679897
167539
888439
167546
167548
167550
290434
388739
634500
1150599
634504
406124
85643
867845
224911
224914
224915
1248916
1248917
1133849
1461693
421531
298653
298654
69279
1265313
1150626
536227
536232
536233
1121481
1240349
585394
1240350
1042377
347834
323261
511680
626369
1273538
796620
1183438
585423
290512
585425
208596
339670
339671
159450
413404
192222
1273125
1280949
929506
741091
372461
110319
216816
102129
626418
1117943
1229831
1552123
716544
765698
1027371
1117958
1437448
1227266
1175306
1287116
1565314
1347342
927704
69395
929556
929562
388399
28444
585502
380703
585506
1306406
1461694
1347369
937774
937777
32051
585524
519989
1268237
388919
585529
585530
585531
683837
880447
1347392
1347393
77635
864069
1463881
585543
1504319
290633
1408311
380749
1121373
1519439
1408312
610130
1532558
102232
626522
626523
1265502
1128421
1265505
1265507
702438
749414
33037
1519464
1118057
1118058
552811
1118060
1122962
331635
331636
1280950
997353
143224
1178825
1492737
1128427
266117
1288484
1134474
1408322
880526
1150864
316056
926554
888727
1077144
1125700
504474
331678
1437600
1122971
1437605
929704
94122
765869
1134510
929712
929713
1068978
987059
1068980
675816
1454007
1276756
1454010
1437425
1463885
233412
36809
85962
85963
1157490
1527444
316067
1461582
765910
765911
765912
765913
176090
1145276
1292033
1123384
1122981
675812
675813
675814
397287
397288
675817
397290
397291
1120999
863227
1134413
593907
888821
1122985
1292034
511995
446462
446465
1208323
258052
36870
446471
708616
36874
36875
1052684
1229485
1380370
1492738
561175
266264
266265
1118235
561180
1380384
1380386
1380387
1077285
1380390
1380391
1380393
1224746
264199
1122994
1128912
1203550
264201
1380408
264202
405566
1200557
1445613
762550
110662
110663
1249975
634956
561229
561230
561231
1462526
1151061
1203556
86106
1111728
700508
331869
487521
637905
634994
1268622
306537
755732
1396858
1470591
716928
1470593
340099
635013
1215114
1123009
1151116
1151118
1151119
1151122
1332071
1151126
176279
176280
1463856
1123013
1244528
1509403
680646
1298598
176299
1509405
1298608
1449355
1244531
1265845
471223
1192124
1238190
676032
1219031
479431
479432
479433
479435
479436
479437
61647
340177
1313172
553171
553174
553175
553177
553178
1388763
1905730
553184
663278
1126627
1463895
1211844
1122917
710696
796942
553204
553207
1380600
626939
1265310
1172181
553217
553218
553219
553220
1250006
1208583
323848
477228
323850
1150469
1297569
1336234
1167632
1298863
637911
1123033
307480
1172186
1348657
1501268
1528098
1127131
1101190
938278
291112
1172188
1284679
945543
454957
1123037
938288
45361
452659
864564
864565
864567
1282360
864570
1321778
1151292
1134912
1101195
332101
1184607
1294143
315730
463191
1249627
1323361
1249634
315749
315750
749927
1298593
1306990
1405296
889201
1125779
487796
1121012
930166
864051
930171
1036674
1246474
768066
86416
1095747
1538295
1380763
1429916
94624
1216932
78245
709032
553385
1298858
1116231
1298860
1123058
537007
1298864
537011
1200567
405948
537021
864702
1452718
1298880
929794
1216966
1216967
291272
913865
1331660
1216976
1121288
1123065
324057
1463903
545243
356829
1069534
1122925
1225184
258533
1110502
1196031
1298920
643562
671143
545264
744872
356851
365044
365046
1211817
1185876
266748
1501269
111105
1094555
1211035
1530123
1274374
78344
78345
78346
1184267
1045004
1045009
1348114
1123299
1331060
266779
283165
283166
258594
766499
1397284
1094558
1094184
1504823
1041159
512564
512565
266809
1405498
1086011
78398
1408437
643648
720554
1408438
1479238
1046625
1233951
1446473
886882
1187851
266834
266835
1208918
1208919
1208920
1208921
742159
1357279
1046629
1090320
979556
1176165
1508644
1282664
1282665
1408445
1464048
1004149
1034345
397945
29306
1453503
1288298
1034347
1133569
1297857
862969
1227272
1323663
225937
316055
348824
316057
316058
1274524
1168034
37659
880070
504487
1110697
1297863
586413
684719
586416
1224136
1291743
880073
1168059
266940
1158602
1159870
1028800
1028801
1028803
1028805
1028806
1117644
1220589
1249997
1367849
1196835
1077972
938709
1077974
856793
1117647
1094557
1419583
381666
1123234
160488
13035
160492
749222
1209072
1122143
1118964
28258
1132836
701176
1536769
1536770
1381123
1078020
1536773
1536774
1536775
1307436
455436
1159488
1244869
1430440
471854
1397527
1397528
234267
717605
717606
520999
521000
1291050
521003
471852
29486
471855
471857
1042209
29495
1430331
471870
471874
471875
381764
652103
1449044
471881
546275
566461
521045
1094489
592015
1094496
1094497
1112209
37692
1094508
1239962
316273
316274
316275
1437824
316278
316279
1161401
1121271
1235457
357244
446466
1033739
521095
521096
226185
226186
1201035
29581
1278971
1423790
317577
1094551
585199
357276
545693
545695
545696
545697
1397666
701347
1192868
1357275
667121
1276920
1282887
349102
1389489
349106
1123514
313595
1250232
1002339
242619
1397693
1397696
349124
1479623
399795
717774
1336803
455632
1007096
996306
881621
365528
717785
1114959
414684
1304888
1537917
1471459
1250278
873447
873448
349161
349163
644076
944547
553973
660470
316407
1033743
324602
439292
857087
504832
1121381
926550
1280685
644107
1340434
869209
218140
869210
1233950
37919
1094491
873513
1124982
873517
570417
283699
1356852
767029
1348662
767031
1225785
873533
1194165
1286632
1184609
1536772
1340493
439375
136273
1487956
1347086
210007
1500890
488538
390235
379066
1111134
1111135
1231241
1037410
529507
926566
1236497
926567
1479235
472175
1217648
445971
1122947
1217656
134676
1217658
1312959
234621
478741
930946
1201288
1268068
1201290
1201292
1201293
373903
1510531
1121382
46234
1232410
1280686
983920
111780
111781
1217703
1193128
1217705
218284
619693
391619
398511
46256
1217714
1217718
1217720
644282
644283
644284
390333
398527
496833
202955
693444
439493
439496
439497
857290
1236973
857293
1283283
1283287
1191460
1120946
1266908
324831
1156844
1120983
1236518
1116369
373994
1122951
1266925
1070319
1004785
398578
398579
398580
1127673
879212
1003200
1485545
1214217
177416
103690
1116375
1127692
278963
1121861
1127695
1127696
1514668
414996
757424
177437
177439
406817
406818
382245
283942
744980
1348908
1276257
103733
1187848
521097
1232436
1267003
324925
742722
742723
742725
742726
742727
234826
1123227
742733
349519
349520
349521
333138
742740
251221
742742
742743
267608
251229
1045854
547045
1045856
1336208
709986
742765
742766
742767
537970
537971
1236542
1380354
1381751
13689
13690
218491
218495
398720
218497
95619
161156
1232449
1123229
1408287
504728
243090
1341679
1111454
1504672
742817
640132
882083
742821
882086
1423734
570268
357804
1226994
357808
357809
545694
1111479
1463936
1577887
1234364
1121866
1094560
981384
1261131
644548
313590
1267533
1094561
1488328
521674
1123504
931276
259536
1094563
546262
243159
243160
243161
546266
546267
243164
546269
546270
546271
546273
267747
267748
1545701
1545702
1234409
1448389
1123239
411901
1123240
693746
944560
411902
1144310
521719
1005048
1144313
1173021
1121877
382464
62977
1005058
1160707
595460
1054213
882082
1136138
985867
1463820
1463821
1160718
1160721
929558
1938600
1144342
1064537
1317124
1218074
1218075
1218076
243230
243231
243233
1005090
1136163
1218084
1123507
595494
1321820
349741
1280
1179155
1136177
1463858
1336243
1463861
1504822
562743
1316408
1218108
292414
292415
1414720
243265
579138
865861
1028307
1463879
243272
243273
243274
243275
243276
243277
669262
1463887
595536
595537
1226322
317013
1029718
570967
1357400
1177179
1316444
1177181
661087
317025
1463909
980584
1229756
292459
701521
546414
1123261
1463920
1121896
1259795
1229758
1463926
1123237
1122146
1463934
1121899
887062
906888
656366
865937
865938
349123
1355374
796937
1122147
1123511
685727
702113
1294273
1234595
1538644
243365
935837
497321
382638
1128111
1111729
1111730
1111732
472759
1545915
1541959
1210046
1029823
935565
1439940
167542
882378
717773
1384056
685778
292563
292564
1504981
685782
1384057
906968
693977
390874
693979
1142394
693986
1341157
1234664
1071400
1292020
653045
743721
161528
710393
935567
71421
1193729
1169154
1292035
1121921
1169161
697303
349965
349966
235279
1244083
167555
710421
1006000
1502852
562970
562973
571166
136993
1390370
562981
562982
96561
1423144
1049564
931626
931627
1218352
1121928
1125971
944435
300852
1303518
908937
366394
1121334
1305735
669502
1304885
563008
1380356
767817
431947
358220
390989
1267534
1267535
1116472
1005395
1382230
563031
1144664
1123300
1256908
563037
563038
391008
391009
350054
350058
1348583
1499685
1123518
1123304
1048983
1185653
661367
1305737
1300345
1118059
391036
391037
391038
1443125
1034807
448385
685035
1174529
194439
946483
948106
1123309
1267600
1163745
1282361
153496
608506
1382303
1382304
1382305
1382306
189425
1382315
1121949
997296
1123315
1167006
1535422
298655
1399115
292805
1128398
1382356
1382358
1382359
1087448
1423321
981327
1071073
997346
123899
702437
661478
907239
997352
587753
169963
1197719
1123325
1041142
702450
1480694
563192
1087481
1177594
702459
391165
1415166
1395587
202752
1196083
720555
1231190
645127
366602
1030157
903818
1345023
710685
212767
710687
1280692
596315
706434
889204
1121342
1095726
1095727
227377
1444306
1229780
1144888
366649
1095738
1120797
944480
522306
1316932
1095749
1095750
555079
1095752
653386
1250005
1562701
555088
582515
907348
1292373
1095767
1517681
330084
1095770
1095772
342113
1188241
1003195
1144932
743525
858215
1121344
759913
759914
665959
1268072
1370122
1121890
268407
153721
186490
391295
1399147
530564
522373
1349767
1005704
1005705
1342299
1392491
1054860
1396418
1403948
325777
1112212
1112214
1112216
1112217
694427
694431
1348635
1079460
211110
481448
219305
211114
604331
620914
104623
317619
489653
596151
596152
596153
596154
160799
1349820
1472418
440512
1254432
709991
1046724
1161413
1279009
202952
202954
170187
202956
1410612
1341646
1400525
555217
1112274
243924
317655
211165
1123517
69328
547042
547043
471853
981223
866536
1479239
1279015
1230338
883069
1385512
1385513
63737
940282
1385514
1219045
1341695
1284352
1317122
1186051
686340
1385517
765914
1356854
1318617
358681
1385519
1229520
1206731
1385520
1185766
698758
743718
743719
743720
694569
743722
497964
497965
55601
194867
1440052
760117
883081
1316936
1276220
1276221
471856
1276227
1276229
1134445
547144
751945
1530186
1348663
760142
857571
948565
1276246
981336
645465
760154
547163
153948
596319
596320
489825
1276258
596323
1408303
596327
596328
596329
596330
1423724
203119
203120
203122
203123
203124
932213
1121353
981369
751994
399739
399741
399742
1423743
760192
1283300
1423748
235909
883078
981383
645512
1423755
383372
1423758
102125
985255
252305
1157634
1121354
383381
1408310
1423767
883096
1142511
743836
883103
1522072
391587
1423780
391589
883110
358823
883112
391593
883114
391595
391596
391598
383407
391600
1123400
342451
1006004
883126
1392501
1423775
391612
391613
1423806
391615
391616
1120705
997829
997830
391624
391625
391626
637389
637390
1123405
1121356
204536
1206737
866771
883156
760011
866774
866775
866776
1219035
653733
350688
883169
1047013
768486
1408324
1219049
1120746
1166018
555500
716541
317936
686578
375286
883113
33876
858619
997884
1005994
1123267
891391
1219072
1056512
203267
1210884
1219077
1280390
1219080
1038858
1038860
1038862
1268239
1243664
629265
1038866
1038867
522772
1038869
558169
1120792
1333856
1005999
743965
743966
195103
195105
365659
309798
309799
390236
227882
309803
309807
391603
334390
391735
944565
236097
1208923
1410617
1037409
1284680
1038922
1415755
1415756
334413
1284686
866895
342610
1094755
670292
1227349
1231377
1123270
1415774
1415775
1227360
1415778
670307
47716
227941
1171373
1042876
1301098
465515
1301100
1144275
1122998
946235
1048339
1137268
1137269
1137271
1423807
1137281
211586
465541
1407650
1433126
55952
47763
1120917
1120919
326297
326298
375451
1120925
768670
768671
613026
1120931
1120933
506534
1120936
1280941
1423815
1120941
1120942
585501
1120944
1120945
195250
457396
195253
457398
1120951
1140
1120954
585503
1120956
457405
999423
260799
768704
768706
367299
457412
1120965
768710
457415
998088
1206732
1120970
113355
1120972
457421
457424
334545
1120978
1120979
1120980
178901
768726
318167
391896
1120985
1206735
1120988
711393
1278078
1033802
435590
235985
367336
1211114
580331
580332
293613
293614
1121007
1347368
113395
580340
1121013
1121015
760568
1121017
1121011
1121019
706191
1121022
1444309
1121024
391937
555778
376619
1121028
883158
1121033
1121035
1123276
1395513
1489678
555793
1202962
326423
326424
326425
326426
326427
269084
1334046
588581
351016
1196095
326442
56107
56110
1219375
675635
1280673
621372
1121085
565045
875328
883168
1121090
1121091
1260356
932677
932678
1121097
285514
1121100
1121101
1235790
416591
1121104
1121105
1121106
1235796
1235797
1235798
1235799
1131462
1235801
754477
1121115
1121116
1280947
1342302
285535
1121121
457570
1046627
1121124
244581
244582
291985
572265
745277
97137
97138
97139
1121370
990073
1235835
1397699
1168289
1203076
992406
138119
187272
1232666
1121098
1170318
436717
1223523
1274402
1247726
1129368
465817
1268635
679191
1541065
1415779
187303
1178537
1178540
1432050
1266845
1472716
864073
482234
679192
713587
641526
1123489
883066
105420
1402135
105422
105425
1300143
637910
64471
1384066
1227739
1194972
517433
1399774
709797
1502851
392499
1357399
1265490
629742
1227261
1121267
1006581
1203190
887327
1123284
318464
1219585
1297865
1123499
1121285
1121286
1121287
1121289
1473546
1122135
629773
986075
1121296
1217710
1235990
1384065
1219076
1123503
743299
1122194
1391647
1448857
398513
1219626
1537915
1121324
228399
908338
908339
228405
1121335
1123508
228410
1415780
572477
572479
572480
1096769
203275
1101191
891974
1055815
1121352
498761
212042
1121355
1605
416269
1121360
1121362
1121363
1121364
1121365
1121366
105559
1449048
457425
649743
171101
1121374
408672
1094553
1121378
89187
1121380
1118054
416870
1034769
40041
1449068
1284775
398525
1392488
351348
1095737
466038
1031288
367737
318586
1121403
1121405
1313301
572544
203907
1105029
1105031
449673
566466
1121422
1121423
425104
1435051
445970
240292
1121428
1121430
1121434
1121438
1121439
498848
1121441
264731
1408164
1121445
1449126
466088
485916
269482
1121451
269484
1547437
1121123
887325
1121456
1121459
1298867
862751
1121468
1121472
261317
1121479
870967
1548151
1121927
445972
179408
1088721
31954
498211
1105110
1548153
649764
31964
1005995
1408224
1096930
662755
1195236
556261
1441629
556263
556267
556268
556269
1195246
1122173
1457393
1440053
1266909
309801
1283284
933115
1408254
1435356
1121929
236814
998674
1120960
441620
679189
679190
40215
32024
272943
400668
679197
1123306
679199
679200
679201
1095743
32042
1193181
1408304
32049
1408306
84531
392500
1008453
1121385
1158604
32057
1408321
1129794
1408323
908612
398512
1266914
1123059
1034808
1283299
73044
1127134
1500281
483215
163164
638301
638302
638303
1203554
1088868
1088869
761193
1203566
1203567
1203568
483219
1408417
351607
1449336
1449338
1071679
1449342
1449343
646529
1449346
1449347
531844
765952
1449351
941449
1321782
351627
1449357
933262
1352941
1203602
1203605
1203606
1234593
1203611
1408415
1408416
1123298
1408418
1408419
1211813
1203622
441768
441769
1211819
1162668
1008457
946077
1203632
1408433
335283
335284
40373
1408439
425400
521460
1408442
1122207
1408444
1354314
1094556
1367491
1163671
1329250
1500304
146891
56780
1285583
1285586
1122211
1316927
343509
1105367
1408473
1268303
269796
269798
269799
269800
146922
888743
1179773
1353529
1451261
1282876
1437608
1144305
1122217
220664
458233
220668
888746
1007103
1007104
288000
351746
859653
859657
1358423
876044
1236494
523791
1227352
523794
744979
318996
1236501
1394175
1236504
744985
319003
1236508
545276
515618
515620
509190
515622
509191
1072685
1416752
1166948
515635
1296990
745014
1416759
1416760
1454004
867900
1236541
867902
867903
196162
1121859
196164
65093
941639
1121864
1121865
1220535
1121870
1121871
1121874
1121875
99598
1121878
1064535
936548
1179226
1528106
1121887
1121889
649754
1158606
936550
1121895
1121897
1121898
649831
327277
1121904
1384049
1394178
1074451
1341151
1384054
1122214
1121912
1246484
1121914
40571
548476
548477
1121918
548479
1121920
1121396
546268
1121923
1121924
573061
1121926
573065
1121930
1121931
1121933
1121934
1121935
1121936
1121937
1121938
1121939
1121940
1121943
1121946
469615
1121948
401053
360094
360095
1121952
384676
1121957
360104
360106
360107
171693
1280694
996637
1347087
1506994
278197
1343158
335543
1239415
1132855
614083
1050202
491205
1433287
1400520
941770
1124983
1400524
1140002
1286093
1387197
1231057
1370121
925409
1192759
1318628
999141
983917
622312
1443111
1541960
876269
1121127
1443113
319224
319225
384765
941824
319236
1163409
1302286
196367
1007105
663321
1220583
1394176
1188233
1121947
1367847
1179777
335659
1154860
947309
1523503
1160137
1287475
397278
1408823
237368
696125
1188234
591157
1175629
1266998
1122221
450380
1236517
1313421
1122128
1122129
1122130
1122132
1122134
218493
1122137
1122138
1122139
1124991
745310
573413
630626
221027
521010
1122149
1392486
1392487
1122152
1392489
1392490
675815
1392493
376686
1267005
65393
1392498
1122164
1122165
1307437
1236514
762968
1122169
1569209
155515
1122172
204669
1122175
1122176
1123314
106370
1122179
1122180
67373
1122182
1122185
196490
1280663
1262914
253839
483216
483218
1122197
1144319
1122201
1449065
1392540
376733
1089439
888816
1537715
907931
1122212
352165
458817
1089447
1122216
1122218
1236908
1089453
1122222
1122226
999411
1122228
221109
114615
1294265
573370
1122236
1122237
1122238
1122239
1122225
745411
1097668
1122247
985762
434131
1454202
65497
1286106
234831
1380346
1236959
1380347
204773
1368415
1082705
1031711
1280679
742738
1432055
1236976
1280680
370438
873449
999413
999415
1449976
999419
1196028
1196029
679935
